18
18
98
98
114
98
98
114
98
98
98
98
98
98
114
98
98
114
98
98
98
98
121
98
98
121
121
121
121
121
121
121
121
98
98
121
98
98
98
98
121
98
98
98
98
98
121
121
98
98
98
98
98
121
98
98
48
48
121
48
48
48
48
98
121
121
98
98
98
98
98
121
48
48
48
48
121
48
48
48
48
98
121
121
121
121
121
121
121
121
48
48
98
98
121
98
98
98
98
98
121
121
103
98
98
98
98
121
98
98
48
48
121
48
48
48
48
121
121
121
121
48
48
48
48
121
48
48
48
48
121
48
48
48
48
121
98
98
121
48
48
48
48
121
48
48
48
48
121
48
48
48
48
121
121
121
121
48
48
48
48
121
48
48
48
48
89
48
48
48
48
89
89
89
89
48
48
48
48
89
48
48
48
48
89
48
48
48
48
89
66
66
89
48
48
48
48
89
48
48
48
48
89
48
48
48
48
89
89
89
89
48
48
48
48
89
48
48
66
66
89
66
66
66
66
71
89
89
66
66
66
66
66
89
66
66
48
48
89
89
89
89
89
89
89
89
66
48
48
48
48
89
48
48
48
48
89
66
66
66
66
66
89
89
66
48
48
48
48
89
48
48
66
66
89
66
66
66
66
66
89
89
66
66
66
66
66
89
66
66
66
66
89
66
66
89
89
89
89
89
89
89
89
66
66
89
66
66
66
66
82
66
66
82
66
66
66
66
66
66
82
66
66
82
66
66
